5
100  149
0  12
0  4
0  17
0  27
0  1
0  33
0  2
0  10
1  5
1  33
1  4
1  20
1  9
1  32
2  29
2  11
2  20
2  6
2  10
3  80
3  25
4  12
4  33
4  34
4  10
4  8
4  9
5  16
5  52
5  54
5  58
5  63
5  80
5  85
5  95
5  97
6  26
6  17
6  11
6  20
6  8
6  32
7  96
8  26
8  13
8  40
8  27
8  33
9  18
9  48
9  10
9  33
9  32
10  41
10  11
11  41
11  19
11  20
12  14
12  15
12  23
12  29
12  39
12  88
12  90
12  93
13  55
13  32
13  33
17  55
17  32
18  24
18  28
18  30
18  37
18  42
18  71
18  76
18  78
18  80
19  80
20  26
20  25
20  34
21  80
21  27
22  98
25  29
25  40
25  48
25  27
26  29
26  35
26  44
26  46
26  53
26  66
26  87
27  41
27  32
29  41
29  49
29  55
29  80
29  86
29  91
31  96
32  47
33  47
33  34
34  55
36  98
38  98
40  55
40  48
41  61
41  67
41  70
41  75
41  81
41  82
43  98
45  96
47  56
47  60
47  62
47  64
47  65
47  80
47  96
47  98
48  55
50  96
51  96
55  59
55  68
55  77
55  79
57  96
69  96
72  98
73  96
74  98
80  92
80  94
83  96
84  98
89  98
98  99
100  155
0  30
0  40
0  44
0  3
0  10
0  4
1  67
1  49
1  15
1  4
2  36
2  15
2  42
2  19
2  8
3  30
3  42
3  47
3  15
3  10
3  4
4  20
4  16
4  10
4  44
4  47
5  81
5  18
6  81
6  37
7  67
7  37
7  11
7  21
8  67
8  12
8  16
9  41
9  50
9  52
9  57
9  58
9  59
9  72
9  74
9  79
9  82
10  13
10  71
10  27
10  47
10  15
11  36
11  29
11  17
11  43
12  51
12  39
12  43
12  16
12  19
12  24
13  14
13  22
13  23
13  28
13  31
13  32
13  64
13  82
13  97
15  51
15  42
15  21
16  36
16  47
17  67
17  49
17  21
18  60
18  37
18  49
18  44
19  69
19  24
20  66
20  75
20  83
20  96
20  99
20  25
20  26
20  36
20  46
21  60
21  42
24  69
24  42
27  60
27  42
27  76
27  55
29  82
30  33
30  34
30  35
30  36
30  45
30  53
30  56
30  61
36  48
36  54
36  62
36  82
36  92
37  67
38  81
38  63
39  81
40  82
42  51
43  67
43  44
44  60
47  60
49  69
51  68
51  69
51  73
51  77
51  78
51  94
51  95
55  81
60  65
60  69
60  86
60  89
60  91
63  81
67  69
67  70
67  87
67  88
69  80
69  82
69  81
69  84
71  82
76  81
81  98
81  85
82  90
82  93
100  148
0  9
0  16
0  17
0  32
0  43
0  52
0  69
0  80
0  88
1  81
1  37
1  54
2  88
2  50
3  62
3  65
4  44
4  29
5  79
5  7
6  70
6  45
6  30
7  79
8  22
8  41
8  60
8  42
8  34
10  48
10  12
10  47
11  62
11  12
12  22
12  37
12  76
13  70
13  34
13  30
14  79
14  50
15  22
15  19
15  21
15  61
15  54
18  58
18  53
19  48
19  28
20  70
20  45
20  21
21  36
21  61
21  54
22  35
22  48
22  51
22  68
22  81
23  88
23  28
24  81
24  27
24  47
25  70
25  42
25  76
26  39
26  31
27  70
27  50
28  36
28  60
28  53
29  88
30  48
31  39
33  73
34  36
34  65
34  53
36  38
36  59
36  81
36  83
36  92
37  67
37  61
37  54
39  88
39  89
40  70
40  54
40  49
41  48
41  42
42  63
42  46
44  48
44  58
45  81
46  58
47  81
48  57
48  79
48  88
49  88
50  63
50  53
53  63
54  67
54  56
55  73
56  62
58  66
58  73
60  70
61  67
62  79
62  98
63  64
63  72
63  74
63  88
63  97
65  81
67  75
67  78
67  79
67  82
67  86
67  87
67  96
70  77
70  88
70  90
71  73
76  81
79  85
79  95
81  99
81  84
81  91
88  93
88  94
100  120
0  57
1  9
1  17
1  40
1  13
1  2
1  7
1  26
2  10
2  17
2  40
2  26
2  7
3  83
4  96
5  16
5  21
5  40
6  83
7  10
7  26
7  22
7  13
8  57
9  11
9  16
9  35
9  73
9  76
9  80
9  90
9  93
10  35
10  58
10  64
10  66
10  68
10  87
10  20
11  23
11  28
11  32
11  43
11  56
11  69
11  71
11  83
11  95
11  98
12  79
13  34
14  57
15  96
16  45
16  62
16  84
17  45
17  22
17  21
17  24
18  79
19  96
21  35
21  40
22  29
22  24
24  35
24  40
25  65
25  79
25  39
25  45
25  52
25  57
26  35
27  57
29  33
29  35
29  74
29  92
30  96
31  37
31  41
31  44
31  49
31  51
31  61
31  86
31  90
31  97
34  72
34  75
34  80
35  89
35  96
35  36
35  77
38  57
40  45
42  57
45  47
45  54
45  55
45  59
45  63
45  82
46  96
48  79
50  79
53  79
57  60
67  96
70  83
78  83
79  91
80  99
81  90
85  90
88  96
94  96
100  131
0  24
0  37
0  60
0  18
0  16
1  7
1  16
1  17
2  91
3  99
4  64
5  27
5  16
5  9
6  72
6  17
6  18
7  76
7  79
7  91
8  12
8  15
8  29
8  58
8  79
8  85
8  87
8  88
8  93
9  24
9  28
9  16
9  17
9  18
10  30
10  19
10  45
10  48
10  61
10  70
10  13
11  64
14  99
16  31
16  21
16  23
16  18
17  24
17  26
17  18
18  30
18  62
20  57
20  92
20  25
20  30
21  24
21  64
21  38
21  33
21  40
22  68
22  62
22  38
23  72
23  55
24  39
24  44
24  51
24  68
24  82
24  95
26  67
26  28
27  35
27  91
27  99
28  72
30  78
30  94
30  32
30  34
30  59
30  63
30  65
30  67
31  41
31  43
31  49
31  64
31  71
31  80
31  86
31  97
33  68
33  53
36  79
37  68
37  64
38  72
40  72
40  60
42  91
46  91
47  68
47  72
47  75
47  77
47  81
50  91
52  79
53  72
53  55
54  91
55  72
56  64
60  67
62  67
64  68
66  91
67  69
67  73
67  91
68  90
68  91
68  98
72  74
72  83
72  96
79  89
84  91
